# Source: JUnit 4.8.1, namespace org.junit (181 classes)
# Network: software class dependency
# Nodes: 128
# Edges: 470
# Author: Lovro Subelj
#
12 126
12 126
12 126
12 137
12 177
12 126
13 178
15 170
15 177
15 137
15 148
15 144
15 178
15 129
15 180
15 138
16 138
16 138
16 129
16 138
16 129
21 133
21 133
21 131
21 133
21 131
21 130
21 131
21 131
21 131
22 131
22 137
22 131
22 131
22 126
22 131
22 131
22 137
22 131
22 131
22 131
22 131
22 138
22 131
22 129
22 131
23 170
23 137
23 148
23 144
23 178
23 129
23 180
23 138
24 147
26 147
26 129
26 129
26 146
26 133
26 129
26 146
26 129
27 129
27 129
28 133
31 78
31 29
34 170
34 177
34 137
34 148
34 144
34 178
34 129
34 180
34 138
38 37
41 40
41 40
43 159
43 179
43 174
43 148
43 144
43 178
43 129
43 180
43 138
44 179
44 43
44 174
45 159
45 179
45 174
45 148
45 144
45 178
45 129
45 180
45 138
46 179
47 179
49 38
49 180
49 37
51 40
51 40
52 180
52 40
52 37
52 38
52 37
52 38
52 37
55 38
55 37
59 58
60 58
62 61
63 147
63 61
63 129
63 146
63 133
63 129
63 129
63 129
63 146
64 177
64 137
64 137
65 177
65 177
65 137
65 137
65 137
66 177
66 137
66 137
67 137
67 148
67 129
68 177
68 137
68 137
69 177
69 137
69 137
70 177
70 137
70 137
71 177
71 137
71 137
75 78
76 77
77 78
79 131
79 137
79 131
79 131
79 126
79 131
79 131
79 137
79 131
79 131
79 131
79 131
79 138
79 131
79 129
79 131
80 131
80 131
80 138
80 137
80 131
80 131
80 126
80 131
80 131
80 137
80 131
80 131
80 131
80 131
80 138
80 131
80 129
80 131
81 131
81 131
81 137
81 131
81 131
81 126
81 131
81 131
81 137
81 131
81 131
81 131
81 131
81 138
81 131
81 129
81 131
82 148
82 98
82 129
83 137
83 148
83 129
86 137
86 141
86 143
86 148
86 144
86 129
86 138
86 148
89 137
89 141
89 143
89 148
89 144
89 129
89 138
92 99
92 148
92 129
96 98
97 86
97 148
97 144
97 129
97 138
97 148
99 98
100 148
100 129
100 57
103 179
103 179
104 179
105 179
105 179
107 179
107 174
108 179
108 179
109 179
109 179
110 72
110 72
111 124
111 179
111 179
111 174
113 118
113 179
113 179
113 174
114 78
115 179
115 113
115 179
116 118
116 179
116 179
116 174
117 179
118 179
118 179
118 174
119 116
119 179
119 179
119 174
120 121
120 174
120 174
120 179
120 179
120 174
120 174
120 174
121 118
121 174
121 179
121 179
121 174
121 174
121 174
121 174
122 179
123 118
123 179
123 179
123 174
124 118
124 179
124 179
124 174
125 179
126 137
126 177
127 177
127 137
127 137
128 129
130 133
130 133
130 126
130 133
130 131
130 133
130 133
130 137
130 147
130 133
130 126
130 133
130 61
130 133
130 61
130 147
131 126
131 137
131 137
131 138
131 129
132 131
132 137
132 131
132 131
132 126
132 131
132 131
132 137
132 131
132 131
132 131
132 131
132 138
132 131
132 129
132 131
133 147
135 147
135 129
135 146
135 133
135 129
135 146
135 129
135 129
137 128
137 148
137 129
138 129
138 129
139 138
139 138
139 129
139 138
139 129
140 138
140 138
140 129
140 138
140 129
141 138
143 144
144 129
144 129
145 129
145 129
146 129
146 129
147 129
147 129
147 146
147 133
147 129
147 146
147 129
148 129
148 129
148 146
148 129
148 147
148 146
148 147
148 147
148 129
148 133
149 156
150 156
151 156
152 156
153 156
154 156
155 156
158 97
158 148
158 144
158 129
158 138
158 148
159 165
159 148
159 144
159 178
159 129
159 180
159 138
160 102
161 159
161 148
161 144
161 178
161 129
161 180
161 138
162 170
162 137
162 148
162 144
162 178
162 129
162 180
162 138
164 159
164 148
164 144
164 178
164 129
164 180
164 138
165 137
165 141
165 143
165 148
165 144
165 178
165 129
165 180
165 138
166 178
167 179
170 165
170 177
170 177
170 137
170 148
170 144
170 178
170 129
170 180
170 138
172 173
172 173
174 173
174 173
175 102
177 137
177 137
